79154
15579
168079
27394
67790
45753
21528
19896
11623
4041
70515
88350
17486
27769
17535
44484
91982
52589
3351
12216
75817
76050
65420
10040
15554
3984
182507
44519
33576
180843
55540
13567
20705
180146
92179
9011
180681
181028
2702
153041
54334
36532
3340
40536
102615
93879
19846
45574
59543
4205
74546
76771
15635
49771
71770
19806
16804
66344
179629
12397
85899
41822
86914
79952
91914
93947
100846
180824
83706
88224
52901
9955
19698
14856
88694
94429
19757
87736
66149
100900
48264
62656
91337
75608
15747
15736
14775
12370
53347
10625
14757
4198
74521
76060
36625
52631
8036
102534
62562
68835
75569
100989
8034
26145
180386
37737
179868
14224
44423
180836
95660
125042
75749
102554
53260
15787
2895
16857
76013
129186
86220
70191
55461
103696
178130
15785
179194
37666
16672
25196
15421
14899
129554
11158
118799
20352
85920
64345
86327
73784
49474
43438
12533
64851
87091
17408
51847
9776
72065
75956
10956
19056
102618
93528
17135
7214
179316
4184
36507
19983
35009
63551
42909
21624
19825
16333
86221
14796
71771
102623
19039
20345
76302
9634
7045
11706
10014
7098
15043
44648
55131
17552
94950
175582
102542
92491
19672
97998
50371
1797
17374
50145
65864
119583
38235
74560
55387
179912
14675
8746
11853
123078
70623
55888
68696
20881
86030
175386
93068
17212
8289
83622
14952
55638
67880
78215
64480
44572
174638
124674
102559
130547
51477
70954
92137
179777
16843
21429
20136
71768
19445
17033
21521
37206
179347
17436
42924
52320
83716
55878
92758
67599
33419
95585
182611
18665
7220
30826
46694
3841
50117
53142
179328
5778
182467
71628
93206
19887
182533
65635
18499
13307
16131
178931
102631
180447
6179
153044
73500
20679
80332
129573
46599
70635
17449
71889
181779
10990
103555
82911
176531
12110
107148
20353
2820
75889
14697
20060
182622
182509
123086
91918
21534
60546
11989
17633
15726
19638
19463
66325
41908
15468
173835
31641
19865
101473
158731
92019
53360
71631
31283
13578
179322
78456
14521
9969
109858
28009
177944
75717
178925
46242
17585
4188
78300
51853
16517
86347
44502
179368
103525
70966
102690
174629
20711
79943
76273
37270
178837
169168
75573
181555
37571
17339
36911
20880
20962
52268
130548
21239
76200
75538
19777
158276
80354
76233
29345
76277
46898
182240
78563
20101
75217
92203
20750
86434
166807
5691
91966
75886
149736
94161
50355
70066
19974
39472
70189
11950
123015
72885
179623
88426
75829
10872
80434
21548
178961
179862
18706
179183
128064
34618
7123
75546
20708
167409
67376
15028
53942
178381
75150
74082
76253
20565
9107
86063
67782
93948
43760
75103
82535
153111
1742
60836
123069
123017
74416
52645
17148
117721
17311
93037
20147
17076
103720
15118
178627
122999
75210
150827
10293
75642
178544
27994
85336
76215
75634
20008
51825
36162
21554
89068
91170
5795
51945
49160
178115
15639
178937
19299
37043
12451
3996
19962
15101
67635
20646
14781
9965
20119
10431
76043
10952
17497
18521
19507
8564
12864
123006
75816
11148
12300
92686
87554
26757
181935
75831
86328
58150
7244
15335
26713
36436
178993
178979
81788
19327
17564
10974
21523
180004
15653
12195
99215
52146
3387
123004
164852
21639
4192
77701
15004
19440
20336
12531
75202
15199
19868
34265
41731
98356
46276
76137
20489
11261
17650
26488
17030
165671
63559
67051
16607
46216
179417
69704
52263
57484
71461
172359
92619
18872
28781
99589
93539
20441
33574
179826
76154
90967
182646
182229
19517
182007
68955
70318
20426
21498
65580
71886
66727
66704
19678
7961
18851
38422
14887
172362
37047
65509
58171
44345
180838
33645
179178
15648
77191
17250
18768
53508
53250
178325
75626
178376
14533
15445
168032
49922
57384
101461
53318
61574
15661
92130
65989
1684
52654
21181
75742
75403
39078
52341
61422
10241
37834
21626
20314
19778
91219
92796
65563
10434
84367
33026
123003
59458
99158
17333
15380
93173
19347
19254
101256
21401
70138
180652
8044
75755
54390
69433
3256
30654
31263
33681
14667
46444
52567
18483
16948
7072
16750
18501
38595
86870
47356
41792
84904
21146
15174
91185
15142
153051
75619
37827
100952
52160
35190
9180
179182
15686
182524
68808
91989
20492
179333
168910
55546
179255
44411
40751
65980
112745
21619
60175
34622
76464
32172
56473
56468
54753
14778
15842
3858
11511
49796
75815
11750
99635
26625
62917
92062
180731
3371
20884
17020
37649
11971
69117
67414
67380
10743
71677
182520
9010
53561
49683
177399
13354
12148
74692
8767
103232
92321
69665
31939
94350
179798
102622
173059
53994
51615
102596
34190
14940
84558
80989
75118
103081
15102
15125
19946
178061
22620
78728
48543
103588
52682
98996
90991
74038
56349
102657
75754
47880
37000
20037
179176
4191
46300
122996
39066
14602
63964
91658
91348
88645
10510
113677
76275
16865
29870
9746
19746
92029
157089
17544
54928
67789
86319
19892
75872
21169
182480
103713
37707
80216
44488
179218
64216
149704
5069
37821
5029
92753
37795
31120
14739
75697
123087
61008
70232
63503
30608
13497
70219
68648
75659
36556
85690
26491
118022
69147
181766
20652
75938
46812
16141
17006
52636
103611
16969
95522
53898
20736
14960
66426
182329
165675
34195
20051
20507
70225
17351
94448
34288
17093
173602
104457
55091
116425
127927
12538
69836
14539
15718
20928
10172
20495
128640
181496
63968
44474
2780
15095
19617
129075
9891
180926
34292
70609
54454
44133
100875
78742
14819
11276
15822
78049
11354
15509
9571
53014
182544
145472
178314
16741
20728
26577
19780
20053
9770
15249
53674
179317
16895
20468
19352
81275
55203
182641
7999
17541
78819
182502
2737
70649
68734
12344
31094
20365
2289
46019
64628
15215
40956
86733
20446
179337
69182
94600
26509
31232
20348
73771
108932
91881
49239
52283
180928
91792
17415
36455
36643
45742
66839
91250
179691
7093
181529
67555
61493
76063
75699
79980
168009
17500
93035
70525
20000
3378
40630
83862
15794
22390
121219
46454
60735
16842
75934
37234
10931
38896
20170
15749
71743
33525
45239
15471
62383
42906
49579
181851
31268
55697
15761
18945
73220
87371
16419
123001
20544
55557
83948
91588
39793
78032
16820
92697
10934
76362
31239
19537
71444
57672
10522
12313
75614
102641
17210
70641
55493
85762
182495
65577
179146
69627
26512
33183
99014
167410
49991
178168
15417
14932
182546
26542
10980
78583
28752
80436
58581
109201
19814
68640
179979
92665
40993
19518
14864
7151
14587
31218
178684
12355
49834
92312
19673
15738
10546
153553
55251
79192
123127
129553
8053
174634
50105
17268
178589
20205
181985
34656
52586
25966
16938
15091
73794
42161
130307
67745
30640
9691
72801
53990
37710
179824
30849
47870
15373
18701
178178
182576
44601
92736
21555
17192
16848
37733
45903
92544
180715
73233
3215
31249
90993
60365
2275
10206
72077
44450
70513
18467
52741
88321
112424
103576
9570
20065
86290
73790
179510
62440
61409
102629
55544
8586
93194
15537
16813
81864
9506
10140
86284
100893
73796
94125
70274
91938
181331
40411
84362
83917
58498
179334
9828
19688
103080
158589
54468
75201
60161
179750
20341
173250
65905
182411
119355
47652
1938
36044
14463
179881
119604
153150
80612
103224
47871
7167
77951
76158
74212
75822
19871
36419
18199
35661
20613
15229
102646
7122
68644
75112
16959
17565
11278
13492
14608
85254
41920
119621
175863
102628
83571
37041
15682
179469
58376
98600
37632
102625
27451
86858
21830
20278
98327
61576
179324
88031
30882
2347
167296
19145
91136
103650
91482
17639
42366
178539
73355
179181
91723
177396
36401
180902
69108
5707
80914
94139
165216
75761
179437
64493
54542
37655
15030
4200
81931
10886
26598
58554
75326
52551
39344
17017
86457
19444
103614
37651
76954
19357
92248
4018
130063
14920
99230
87355
34296
71543
14430
20351
54741
46518
10505
65458
71429
2113
73848
45694
17294
77964
33669
157586
102582
35706
76697
17009
74046
16949
92684
50363
71806
68805
16839
74903
14593
92798
26728
12316
103688
113866
12501
22005
37610
69441
20894
59419
177391
86222
75517
43728
62419
61569
91437
182406
21197
12349
167406
179674
86831
180991
44440
63671
33136
11699
82894
60267
36488
20449
75656
125215
38927
90031
23514
168840
20610
42681
8896
14577
35301
170896
7104
65521
69631
181955
179145
18287
14721
179714
37217
83083
14863
20476
17287
53287
129052
16598
18999
12495
14500
52252
75667
3772
55469
178383
118290
85688
49612
45582
181874
7239
3333
75814
91584
70143
93171
38204
78947
26624
2501
15070
12543
19442
73736
119429
182593
16688
76138
67553
33291
15788
109782
182542
16941
17540
11698
10094
75775
67712
39680
5020
75406
24563
113486
16448
68786
15871
21657
31163
65406
39937
27752
92061
174583
17188
20041
107291
178187
179880
180662
15900
178839
20322
19699
52649
84369
181095
14930
68939
20154
19031
182594
43230
23841
14555
21524
178306
14957
36640
20328
100851
54135
92862
52247
168907
5800
34302
123126
19329
128630
17334
137749
182261
179797
54905
47345
85875
18511
76239
20068
103584
17581
85369
74640
50343
95059
21938
63769
68790
164075
51434
78852
104373
74628
75880
179166
17398
30124
18464
86311
27379
60782
67059
17088
182250
46648
179870
19841
41951
74666
19820
19093
91468
123131
9836
130586
10994
93310
78600
107247
155565
70266
94097
9653
180884
70323
5193
65598
30828
79730
38784
17555
36531
92944
17140
83856
73720
9896
15096
35832
15655
16800
80299
50233
70098
101238
95436
61403
92791
20125
48467
83224
92455
70445
45741
91824
58562
72604
44658
17491
91578
178285
65493
15259
179793
76003
69828
53317
92595
182246
64513
182489
76281
17180
121322
19975
178493
17175
38331
181998
44126
100858
39447
14522
127124
77505
5631
115661
62248
86218
86373
34614
163826
58340
52290
76948
2898
74618
93451
19319
49761
44739
86289
8350
108562
34202
61680
44633
7091
18824
76235
20218
123384
100895
27374
15197
17238
100929
72319
123120
37032
82349
4221
51633
179854
20150
53088
179114
109274
3904
89964
20787
19840
20675
21356
19058
38592
52640
10672
15878
52116
31031
102566
9103
91710
14553
180376
76363
47281
76018
54673
94819
43537
51726
88024
20905
84343
7171
33640
55436
182601
112747
10142
21201
179614
41938
103084
93515
54863
180349
86184
44810
95529
55120
12691
103248
39491
69832
86318
49279
99217
84560
20204
52478
17080
180150
75847
87895
71798
83771
53549
19821
12310
15219
84946
33075
72736
180216
182587
175499
107356
15814
34089
63536
179712
81375
75952
14561
93607
74846
33123
65545
78572
34281
68886
9557
100877
16509
19623
7228
21200
6805
20459
182529
20214
44511
15340
76325
44311
42958
56840
10608
64512
89205
3341
101289
37730
16922
42059
36283
180362
19870
7083
19547
69663
75313
49396
101248
181086
182445
52274
14747
57951
43655
47438
35411
74119
91947
54130
182625
19773
71877
37803
104561
20515
14464
82348
4693
35504
115201
52697
9792
2827
70624
182415
55421
180646
43522
49231
92594
72337
90782
10848
123094
8033
62795
60759
85954
52796
52367
18222
20485
16992
99544
176161
155570
179615
33180
37248
39611
180345
15077
102583
103887
68123
100375
34609
129548
100771
33883
83389
64426
31236
16413
178958
102639
94933
100932
14572
10880
124429
8059
174637
38353
33418
71691
178303
65516
21519
44831
20472
34229
75530
8058
47553
16989
34087
20009
80518
87019
56074
70972
75602
145497
182260
103065
19626
44709
3314
29809
69777
48997
44635
65556
9161
89635
16040
106910
17634
20298
14628
181535
10284
74708
20457
20496
37732
37636
15745
178548
14686
19607
102632
8835
5016
71855
17512
53363
181503
19044
93207
14847
75570
108771
98614
14723
23015
8507
20467
25313
64515
60794
86272
20317
107802
77424
15233
65466
57969
19035
172340
56308
21143
70060
179621
88390
59221
9628
53787
7096
182395
20775
15481
11887
101319
20323
29866
172505
12550
2158
74520
37218
33290
53580
73832
19943
95912
175419
20222
129557
99683
62794
19842
85527
41215
100906
103524
104456
15200
12435
14769
23298
30757
95327
9358
66878
19984
67672
16817
19940
72911
36020
19503
173822
3233
100927
14432
53805
65636
19160
57554
52091
80417
92947
157585
5782
52236
78102
63265
69863
51457
61588
70605
101316
20270
11546
30758
11869
12025
21144
14508
59174
45594
16951
5759
98457
20674
176714
178179
13687
52047
70533
26302
15460
17355
15765
92723
8919
20311
63539
181543
52322
31968
100310
180014
20864
84390
44401
15040
21921
10991
33374
39812
54864
16510
75556
51086
14865
103585
182627
71391
44103
12525
52323
10936
7077
44835
55877
17496
100902
85426
10976
15104
20781
88729
65879
87675
14700
18742
12385
79127
169186
103553
19970
80499
182000
172506
21439
20539
20422
53917
129582
10220
33239
103873
17058
44154
16732
38799
173684
20560
12297
12262
179391
179699
179379
102493
49584
84256
10958
20424
22089
74132
19886
178824
15014
12346
92492
180918
17362
63326
63553
17164
30642
2832
179978
44081
37794
10412
182277
102691
15954
104176
17505
75828
9561
45573
36481
69201
76213
37630
103207
17532
93530
102564
182443
167402
150808
103073
14790
78913
173649
21913
57691
19651
91836
14616
16567
10133
50209
19338
45863
33781
31246
38296
45224
56277
93501
3368
17420
19470
9258
56348
81358
103243
85356
19235
14749
44600
63674
75629
129261
85349
15464
13309
175004
179240
13688
58043
70094
7088
177397
75362
72033
20129
15364
15963
95653
30644
64678
9654
8768
175961
17267
33426
127944
17414
53992
80503
3889
16478
17490
60071
93012
69743
102672
50192
2816
33437
15870
178373
153787
179082
16854
21252
93189
19465
14985
90254
182244
65701
17322
20488
91890
36508
24303
11543
33129
107065
93308
92177
58359
27434
10988
13060
67939
103613
21517
109416
70373
70088
19134
101305
52757
10265
118888
19501
17625
13557
95481
102308
90249
145545
14599
15072
157587
14916
91180
16993
74449
74048
100850
90824
102665
68114
180934
63578
7170
65395
83159
76101
52529
72594
14471
21178
44516
181821
180720
66913
178158
16764
67317
88178
78210
62354
18503
71987
47645
16866
10077
15786
44413
60169
19759
17227
55209
15784
16956
16147
7236
96958
34572
20361
57656
7232
21637
158584
21202
11368
100889
7073
100855
88742
39486
54340
17508
15742
178169
66626
18771
7223
36680
44713
34660
158563
5763
2582
36546
14784
66154
80650
12808
179678
18509
106902
179186
10012
9581
9338
21170
80602
3360
65946
79042
92242
74150
41597
93160
9850
61416
177613
42485
122995
15940
15458
19580
17184
75819
59239
21917
180987
11245
21186
9864
98157
20349
91819
34289
88474
92358
15627
69254
28788
159053
10477
19434
41525
20451
33643
31879
180846
180938
172498
14981
20766
78882
75718
88554
23261
55267
19993
94431
79085
66337
37691
67281
20373
164100
17193
55676
181854
17335
34004
26105
15625
19977
16950
10946
7022
14496
181983
178914
44550
7056
72098
34627
49109
101426
19660
16130
54762
63776
75498
92806
15169
20116
85788
98358
7210
16570
37790
17503
162429
4186
30645
20066
3418
19774
65586
34231
17197
5709
14922
181777
59519
2803
12016
15470
182008
103719
19486
15393
106233
65518
52384
10136
109780
95442
8615
19430
14963
14736
10355
74495
9951
67408
2713
113311
47587
20923
94450
58463
75631
20237
69120
17008
76012
20725
107304
14230
36980
19356
14219
37823
4919
34621
17191
30759
92000
55457
94716
14812
177961
55550
80036
52960
17942
30125
5786
9732
165116
34026
74322
102578
39994
10042
43793
3357
179165
75464
80683
66447
10989
180036
104977
11363
14873
147277
75897
20144
77011
75071
182003
75575
7985
178678
182242
15898
104177
178643
27411
49715
54885
4206
62275
17106
31248
14665
16124
181104
68887
168594
8922
7222
14083
55770
42514
52306
107803
180651
12194
15456
33434
118450
17200
33710
52970
101474
14479
40117
103228
86183
20960
17461
182603
182238
20091
49710
92691
17389
14641
182605
96522
17653
92765
52128
46552
20737
19467
46506
55691
28497
166806
167403
31262
14906
36586
75052
10137
180891
83260
80338
72339
76238
100678
7061
181442
73419
80040
147086
34600
20578
14488
123067
75407
60476
45423
182628
42607
60329
46515
66564
30595
10786
19512
44512
94477
92688
36452
14566
33138
3812
90660
21195
19813
20514
55537
69265
181965
150806
17454
51565
19879
14772
176489
52647
20067
176153
20455
178230
181764
62916
84265
98975
85682
92408
47238
17102
87260
17130
179418
38154
182631
26633
16573
49809
37223
4688
15806
179329
182241
15217
14836
92705
54511
32091
179693
65380
18745
37053
19776
85343
36681
92180
37703
54960
120014
15741
69785
40343
36908
9276
58261
58287
28505
179100
20396
10248
88028
102685
36942
80679
8900
123114
92946
3010
47247
98973
26635
129567
51644
37578
175835
66481
19323
9982
47790
16696
175097
8670
128638
56834
2472
10067
182280
19847
32011
31242
100859
13088
2593
93700
179077
76254
7125
75581
92710
58018
9723
19459
50895
15758
36584
178658
11388
11766
30831
36335
14938
11921
20011
178990
86713
15338
11717
31857
51917
15397
19684
67442
80027
76228
20533
107299
20914
76146
51912
75591
182637
31229
20219
181948
181871
86372
3317
101233
52436
91544
20901
15475
74458
56291
48932
51520
26445
179673
86451
55085
96816
20912
113389
19785
179872
182002
20200
31266
11864
9281
20337
14676
44818
15868
145741
182011
180409
25252
170359
15429
17343
102515
15499
179827
17074
129581
60796
74134
161175
36458
179884
102510
178519
17107
182430
31099
26514
94275
50342
14746
15351
17643
102545
15569
15807
129810
8051
54161
60198
179243
158675
19358
8857
78560
20019
125214
44591
8851
182515
92367
56547
20227
181540
62770
20655
71637
55472
9042
78052
179883
77902
16564
17615
180665
110011
167025
103641
15124
25860
179221
127694
182484
26552
179468
20692
19681
40894
69656
20477
49391
12127
7108
10632
58274
53903
85787
18763
48259
14668
21952
19531
85412
37889
62915
179331
12121
65513
44024
173415
55882
76069
181139
75753
20371
96489
72598
180970
17101
147224
20442
75810
19997
75812
112392
40326
20022
76041
54512
76057
70617
19564
14744
22009
77062
85036
129081
15743
94603
178220
36470
68873
88056
73334
46679
11160
84391
180653
92774
115478
46889
19969
77723
101376
21354
19701
56836
36898
49890
74485
55020
91567
182444
63437
15054
179439
150184
74902
11653
15477
65571
30629
37653
70270
66583
102522
2753
98324
45205
168845
19680
20626
9929
38556
19059
52531
61915
79174
49737
15352
79946
154255
17875
91406
41743
96807
76941
178981
90263
62411
91948
4727
103229
22008
20508
164881
102667
19556
81076
179683
92396
19451
103063
21531
75874
87017
51658
19436
86185
37698
65364
179180
2343
88267
112915
178162
16754
17274
13489
20303
73016
20469
52029
65314
51743
73692
72176
63797
16005
14682
62029
37128
14990
100874
53838
70950
178126
71898
102682
37972
103718
33252
80084
20661
20035
127928
76216
15872
68942
7983
15885
61626
15039
53084
180711
101224
178952
175415
15003
182230
2994
71419
87530
46553
9095
179236
34297
51536
174577
18806
56285
54325
45054
2831
82987
31261
180710
177647
21182
53186
181093
55559
45257
182422
75252
20243
54142
11136
31728
76237
92891
16891
15514
73865
26808
47054
31093
71766
96992
37152
103693
54462
43852
71688
15487
56472
15838
66820
103934
54911
26044
17547
65977
92250
20064
102642
11573
8056
82329
168912
14867
99482
173845
31225
80565
102537
44463
21244
21924
15367
28681
178371
24773
36684
53788
20730
36696
15739
53332
63944
54937
18461
19642
82791
33812
44489
78050
180901
178532
48483
10448
74837
179720
74170
16807
21635
74321
181105
62677
103615
44684
12409
87932
48067
17425
34833
180951
96209
127904
19033
17474
182418
34283
52346
62662
56433
78157
21308
10442
58440
83168
17427
29216
169751
92191
18777
8032
100988
20744
87894
20385
66678
100688
9099
19775
52278
92119
17550
19670
10218
20247
20604
19480
93205
31992
55619
9756
91979
181107
20509
92830
75521
29778
35919
45799
14839
87244
74850
178348
7234
15248
182516
17283
37583
15062
92752
55044
99000
76059
178963
14955
3374
34269
38391
120312
52750
105966
15805
64909
37011
163851
179314
51821
85937
72170
10623
24693
39832
24954
180958
182419
20460
93120
44614
91045
71927
17122
122893
12224
35825
17185
36569
75835
34251
46727
170763
12393
80376
14673
103530
180718
74366
20668
13597
36566
10299
78100
68116
15733
70272
91430
19708
70250
3712
7215
19510
16821
86035
123119
9707
103533
180094
176188
30877
15191
51747
33372
26226
20412
51665
92679
70212
178964
58311
34341
65515
10168
105001
12272
53073
36801
46772
54398
20055
71551
31265
36978
178970
1920
87216
70151
20716
178516
15656
14835
14506
92139
20753
60189
20574
87874
9633
19478
182290
15430
68888
178968
54931
180164
78795
4207
51886
68884
7081
44214
69751
12145
76015
15339
16939
178488
73742
10010
16140
15198
172364
76264
35561
15988
182481
73159
90683
11728
20058
17562
71848
45688
180708
14840
5036
68930
45928
17403
12234
168143
34188
91917
35960
17348
75650
179816
41888
31247
7095
21495
20380
84617
153113
30821
10098
122892
31259
97745
19838
37332
182434
182248
98013
19588
82698
51307
109380
33227
18471
17220
20103
5690
76087
2656
103061
62723
73529
71418
20416
20015
39827
31716
16876
69114
130322
19325
64685
78079
9297
67783
179568
84279
70079
45287
5787
19824
5040
129456
66196
15500
77894
17488
76324
33672
75721
100879
94700
158559
44507
128420
59314
55554
9508
20406
75833
123007
14634
88427
60062
13099
10884
77536
66888
180922
102551
180645
49712
74921
8060
14741
21165
20404
16616
91801
5768
20369
9351
19481
45096
20130
46277
20332
19453
56482
21225
181781
15409
72985
9698
69823
74689
100860
67326
182607
36572
122831
12045
55938
172407
98433
56449
181885
13600
10271
61450
37003
103644
149028
10150
76306
81476
67314
49801
54955
182421
27380
14738
157584
20061
93568
16836
22016
21174
92234
127698
32063
180579
8852
180028
1952
20047
14495
10550
75627
92469
1910
102638
11549
36027
31095
12198
16828
178160
179701
14185
16128
76147
16232
95395
92828
14556
76265
39544
10336
12200
15696
13664
39333
17187
180903
178685
21522
94478
66756
179643
182503
28029
19807
181539
17043
33179
25890
91295
19612
20386
12486
153171
47024
75861
178603
83734
30754
75323
130360
5044
48683
7114
31243
12208
92909
17272
20513
84856
127538
3362
26297
182412
15827
76703
100829
80476
42657
181098
16827
51863
19904
9268
21387
14538
14994
90480
19994
181342
81454
79993
100015
20920
14669
20780
45465
59998
19850
14709
37214
8769
182479
12624
17233
69434
35293
24626
17198
35543
76033
71760
158562
173833
92489
20063
93654
16264
49620
51740
11975
172298
66450
72687
90434
54800
82855
19942
40137
16701
9892
15097
92708
10225
96141
11912
69243
30832
40436
109396
92839
77180
9611
180760
130196
91105
14724
15457
20310
103703
11624
52148
13571
105935
48793
37975
86453
43668
20650
101245
52409
39922
16632
103085
73219
10572
15507
11872
79939
20383
180974
20657
54498
130584
51081
4195
80659
50360
10112
19330
19848
93158
52353
33863
17084
51677
20431
15167
51282
74350
159052
43568
38791
84500
17617
13605
70193
92538
178881
3292
14750
76034
77896
11762
103626
103551
72538
70477
17431
176921
98466
15763
21237
182506
76250
118793
36813
11398
178322
53393
20368
7047
21296
20006
15938
4187
26714
5667
16966
76282
92694
34090
30641
181997
119605
172267
178749
178765
33043
19963
123008
52330
179344
31335
73349
10876
15676
100928
14995
20171
182517
98010
17358
15130
7245
13508
49243
38954
66586
86180
94615
18816
71165
9963
65548
53256
103062
11783
98214
105006
34234
60318
17409
50186
47869
130375
53143
77448
182233
20099
180160
26423
17047
178308
19138
37050
51492
39208
74445
11970
41909
76136
57413
11496
180825
72848
59418
84409
57866
47983
15839
17330
50149
182475
13681
36827
9993
182583
94717
179488
17457
34290
69225
12029
58051
9041
35291
58457
15182
76190
52525
20082
15752
123128
15783
16868
2345
93664
14989
17712
36266
20715
60608
80576
17273
12185
71140
67037
176925
75731
93619
34658
66142
15341
123129
64467
21649
100808
179576
14765
20755
30591
37923
95592
162849
86299
76974
33425
19435
85705
54902
2585
71434
17236
75648
15775
52072
84365
102671
98355
174582
180976
12509
15512
59296
78453
19926
92187
53356
16818
84209
19504
65517
60861
96148
35887
23943
39781
76243
15244
44805
79138
102553
172363
90273
90929
92754
98609
16832
60234
84366
20713
78592
10852
75857
33145
78816
87942
43530
69767
130356
26543
7053
55367
75826
66574
19530
129264
92214
48319
84397
180754
34264
36005
20571
66254
179420
9704
12087
27140
17443
19764
66437
33076
2949
41601
50393
9883
47533
103604
14979
182636
60933
179286
73683
56410
70105
130308
13575
30594
8736
21234
97949
20701
35295
15685
70251
182424
53687
52694
179326
12481
4086
178367
15369
10324
40069
10776
44539
44471
70261
73735
19782
164095
54778
20609
53085
14971
49795
80684
181776
69895
21632
86391
33865
179649
130368
36233
59181
39884
172264
84381
8892
54880
92756
75098
73421
35559
14598
26048
103560
17347
37706
89248
15638
21920
48119
10054
174539
47491
20023
93460
122988
57675
30626
14407
182600
25130
15026
75248
19918
20458
75380
180430
14516
49060
103935
9097
103374
179726
180752
78582
38853
44329
174985
78688
15497
76361
15076
86916
181984
14350
53993
77340
28200
69737
12877
37825
102393
179287
92355
91951
31245
179692
35558
91944
62872
182177
55509
122991
14528
17060
182470
7227
75878
98179
59664
75058
15864
83910
178509
36604
5019
49783
20138
102936
8496
33602
39500
44686
21166
62416
177394
15536
63558
15398
76807
102504
17649
54112
15235
37633
13573
10312
103844
158564
17577
60321
75336
113990
44745
103993
93008
42332
178397
20621
76248
11734
76169
179817
9854
48418
3331
3372
77361
91811
78126
50166
16952
88646
67373
33112
20187
179697
77987
34300
12714
76071
44639
63779
82633
44437
61342
92295
68811
179789
91850
34630
61144
7190
42976
77254
17328
97786
15232
70553
9019
83872
75931
17302
47898
39127
60843
42883
179360
14299
91220
15186
41969
24086
9747
92678
30209
13109
47762
178840
44764
11610
75376
3338
78576
65550
182477
179546
33671
73758
27398
72640
17077
107812
17092
66578
100731
182252
180907
179846
30957
76036
38769
15650
40175
52371
17559
37634
73515
5042
63245
94428
71955
43800
13300
53555
80238
53950
37036
181509
20765
163852
34088
103722
180888
18879
19448
96768
13559
20331
53520
128067
96758
93817
25218
12285
70054
18821
9657
10186
12406
72355
181780
181108
92101
11163
43615
75694
14939
69150
97772
84923
70963
37734
149746
85347
20122
19796
15853
36450
17404
21172
63552
61201
17036
52342
71794
14594
103621
13667
14827
13313
10372
16805
102595
87912
92193
66778
3820
20265
20324
22863
5793
18498
84122
98016
180369
79180
50933
14647
15774
173626
42869
56442
75712
19622
14444
20630
55541
20329
20392
179581
69659
182532
15911
41656
9656
37197
180663
181120
75887
39445
85791
33042
45160
178683
22880
75557
4687
20095
35489
180240
33858
103717
165224
36503
66657
74676
16449
33092
75852
103647
37717
20347
14582
15108
14785
71747
49718
20919
14917
167297
9683
36035
180639
182295
12042
77016
20617
73846
31330
174721
33312
50226
5035
76283
61227
33265
10358
15789
71350
72118
20722
94069
76358
92797
8026
64902
3348
173603
70230
78221
12411
20393
92690
26194
19709
20002
20297
7043
67047
180125
97788
19525
15890
16829
5015
100839
3472
19349
85887
180649
5645
9685
178959
19811
20381
24091
48813
112512
89391
123018
49876
13323
74200
67856
87020
15492
34578
168868
59673
17469
11408
19982
10685
15155
12694
84372
31238
15880
64461
2485
58347
91639
8771
15776
8897
157583
91711
11910
92746
100847
103697
27287
50009
101015
66677
87956
145498
63328
182005
38121
24031
14745
20155
96710
182257
39848
74528
36682
119551
17589
174635
7109
70661
180035
8619
7030
30109
100857
128618
181967
10195
33127
19473
78006
75459
181909
182596
33371
67598
112882
82852
150917
61858
11411
119613
5792
76743
19956
102626
24573
78090
19515
93089
41633
82865
92465
70263
83200
44752
22015
14937
122830
118031
25122
178515
15412
17539
41536
20390
44354
9627
20921
75317
21161
102637
17392
16996
37030
12617
45731
178521
44453
168059
59511
19734
7057
12703
33790
67826
44824
62880
17502
36629
90122
87914
84709
5665
91296
38768
28437
22999
51737
66671
20691
11154
21232
58136
82202
62765
178384
44480
180044
5626
74804
105441
73887
14706
103643
147244
20044
178991
82373
8891
86320
13509
17154
9983
9959
103648
87282
87925
20915
34280
50350
11484
37642
53268
26628
154269
154746
52430
36985
83012
15630
168943
99393
106426
30801
5798
36511
181524
58439
66073
20779
80688
97242
31269
45162
7825
93016
55476
72457
95420
45656
63577
66144
7055
17439
36933
63784
15530
107268
99597
14570
181501
91345
53357
76072
30954
19043
17433
22023
18764
67541
7221
12753
178568
25175
59255
150906
13592
179583
33431
4088
91034
158561
178235
26497
36169
20887
18473
8050
74117
19837
17507
179485
182389
17266
75949
36354
181769
20669
62081
76062
123111
7089
15020
76357
2818
97777
2990
75980
55863
21662
9503
38248
13665
64758
48951
53706
129809
104234
35000
12381
36910
33263
74680
75896
36641
39876
153040
95388
16953
52671
33131
14482
94438
67365
30761
31149
180940
21336
62552
17484
179865
179419
10044
15897
122992
77001
19833
7258
5018
73091
65165
15912
9639
94109
79938
19893
51649
20739
85832
62276
100033
26557
80156
103552
18468
31273
7240
102313
37822
128632
76270
72320
20550
3283
19779
75668
33709
84371
165673
69134
181134
26606
60384
20720
10518
17336
178994
167418
52613
9036
40831
14909
52690
20090
20696
14752
10114
52605
33385
38337
181770
179616
20327
1686
98456
7235
7078
21187
76058
15953
55123
21520
50195
178260
93268
46690
4202
19631
74434
12573
68731
20343
72371
102938
180054
66198
15146
65593
36899
18596
74145
69703
107808
53303
12603
49744
19034
63256
181819
172441
44617
182429
52270
52505
15189
47945
180925
12151
17222
75705
37793
178962
6754
75577
100925
104018
12236
9665
19302
69729
42699
17468
95078
15037
123016
83726
20017
79951
175380
80150
164220
74913
36710
52559
20798
69630
14632
71248
65506
12488
11994
101236
100623
16565
64585
90783
15724
43215
26513
103623
75522
53551
182626
180040
155569
21418
42893
54034
83040
20538
123382
66996
33627
50429
44630
123125
18782
63096
172339
69306
65831
44490
52799
45411
76046
77730
84661
16936
46512
130195
84378
19693
64298
127576
10467
102516
78589
104560
59469
2233
16980
47007
34633
180714
44701
14958
76117
92681
86940
13570
15960
42359
102507
5022
14900
33549
180122
20425
33132
13610
3263
90550
76073
62415
19889
17472
98998
56820
88161
149348
17686
20654
63802
88747
75910
178174
7229
7042
16864
100773
10234
153548
65612
178554
64482
55135
38125
22020
75760
90663
181554
94914
19360
34636
42929
19483
13490
77545
9852
14773
88131
7046
15750
66369
71686
100838
91972
5026
15078
9514
20398
11760
15133
9708
59141
5034
30643
83920
179470
15534
14276
92235
10667
18478
60326
41605
181526
129067
51804
15451
83157
113449
31250
67547
49664
20110
71761
20013
175052
32121
17085
94542
179030
18853
177395
15930
179867
39039
34306
91610
50107
2812
34041
13317
20112
8383
7242
15145
92841
149734
51491
67978
180050
20209
22328
15903
179508
69727
63302
31341
7213
89587
182512
18778
17075
44566
69654
102644
44708
75509
182508
107292
167413
72564
14644
153086
17556
36966
55450
178780
17306
179245
61402
96642
37034
66588
173900
52241
28824
180947
20790
100878
48619
31902
182328
21233
17614
20048
158583
92768
67627
179688
181082
19086
172841
45702
75657
15945
44814
3370
66822
13589
20167
100905
36976
61992
70957
172265
15703
16035
158881
15813
30806
14862
5071
76031
8643
75532
52172
17048
14870
179572
75939
95475
65803
67644
15089
19739
47198
62304
34610
74586
103074
130198
55194
20690
20016
67798
45962
155131
5803
38670
46121
103227
168681
95556
9245
64666
37729
102945
8899
67494
9871
182494
20719
178153
10983
45972
83305
37667
75337
21147
20362
86462
54614
19655
153050
45181
98340
18702
17228
178520
79152
52624
13663
162433
122998
20447
60358
78137
17623
179320
102528
75850
36459
20203
10499
92666
179031
77334
91802
182461
83546
14549
182488
17285
14997
65367
20145
34287
70259
20374
38163
17151
182640
36448
5788
73294
99048
2914
87032
37787
75950
87658
30110
14610
85913
18497
12552
37028
36392
5776
53110
19934
5032
17304
178853
5756
182333
87246
181911
89484
10995
178503
17032
75901
14607
9876
94817
11646
75849
3873
130827
15413
53444
52751
15013
52285
12914
75504
35879
94794
21151
30760
20636
10352
182253
70551
39469
20213
16576
47662
20188
98329
75597
21370
181865
38197
27081
161603
8054
37019
24855
179545
92764
68885
14664
109202
2968
96181
16127
17129
20024
72810
171280
10388
51850
95332
180833
181523
57890
15228
181873
92146
120574
39792
20411
75501
182357
5733
127536
58065
11792
53091
14976
47890
102647
122924
77886
20304
3366
52691
37292
119615
95079
100770
80067
106857
14705
20432
26578
76185
52512
93029
122733
75690
50182
84097
17179
24305
74410
182620
5766
65888
63365
123075
10634
14755
19502
34248
14902
19447
103077
51744
34623
76217
179321
41537
26434
38835
14826
53604
149735
179423
70937
123122
17091
79752
102526
17513
103231
11431
84096
14855
70599
31227
86915
123077
180978
26223
84359
181138
84620
18492
52157
1882
51566
44547
10465
100350
12395
16998
179707
11144
82892
5764
17176
63668
19754
179230
11982
37029
95701
178501
179631
16698
78042
179026
14486
85551
123117
88107
63292
34417
178430
83257
15173
71909
30302
182009
30815
100385
52588
8040
175099
63554
181117
15044
77363
62350
180009
34624
2892
15027
178374
20395
37212
19541
75637
14220
178598
45978
179258
123072
32253
99340
63174
113986
180658
21537
74674
51675
32419
67410
10257
10827
63887
15087
179388
13560
155566
75935
54102
4611
20245
55225
102523
158588
33712
164882
76247
9661
103594
20428
43494
83304
55963
20452
76166
2928
93126
7148
30433
179724
9680
58497
89447
63560
89540
1663
86874
15023
179861
37828
78031
15863
10715
57453
17194
91943
79213
65579
9889
16494
56486
180027
71839
4544
107807
173632
42941
15859
86265
51519
102656
52432
172361
57962
57557
20638
55848
179564
20364
60246
8827
92737
60897
102513
52253
36701
92711
21530
37603
65519
60111
43431
88741
68933
11962
58499
52590
26617
18465
20562
82408
76045
56413
35167
35566
50448
103469
146193
19737
7218
17282
15276
15820
61150
44485
19326
45058
95359
60822
182256
19476
65566
14944
69286
19980
82864
75764
52059
85661
133952
19679
61053
15498
10973
61590
7219
17057
3232
31277
118798
76232
36683
180921
9629
15503
40427
15901
6794
55512
71387
93737
123085
50893
12222
16874
92772
9872
19830
182510
103078
99729
8031
17558
104976
20911
45733
74142
9555
66986
14611
178954
15824
103646
33841
86067
9900
12033
78301
93777
20007
92497
46972
15721
180048
22869
129231
182545
178237
92856
90489
79954
123130
147280
12415
31915
52625
15611
114909
16514
17245
19836
178423
178855
60486
178302
170906
17482
71269
9737
39290
7224
8052
64458
70454
11498
182249
37046
13602
49555
12255
31257
79230
46773
180924
18476
21196
1644
84559
46923
17350
88054
70173
20450
97376
167020
21653
8901
123115
17753
181063
76207
100356
42936
49621
37026
65993
24917
16504
102627
182629
55826
8410
16815
56109
15461
20465
84568
180736
76315
57628
36397
17640
90787
17481
15538
7118
100890
19905
53618
119537
46847
178136
173841
20029
111779
182441
7092
21138
15917
83329
106219
41769
75338
93500
77911
30774
66550
83340
178505
18629
52224
178545
75316
18815
85337
26767
103531
15105
88248
181549
84710
20128
46287
16810
80029
103843
100618
20749
16268
127403
41833
75497
86223
16965
14758
180728
43003
54522
44536
10699
99819
91266
92889
72688
116056
36581
31145
17118
10950
93252
17246
44663
65252
103049
128422
52301
92255
55677
149346
17061
21167
21414
179630
8855
14880
10107
65869
101234
128698
15051
38613
3989
7107
106909
87836
34606
73876
51717
86291
71080
8030
80069
50146
75499
73502
10987
37615
76300
54952
36979
32414
182001
178921
2293
14728
5687
20786
55184
178063
118756
17329
14683
44744
67750
2294
37269
93078
59429
19083
68931
20614
36624
17438
52265
9499
65419
103642
158333
171016
101306
74174
3271
67810
70180
20114
15011
42872
65472
180664
18906
30606
181862
13582
178327
52699
101190
21631
113387
95654
52237
95429
55334
12563
181850
66991
97950
106895
76103
98029
182015
9565
20757
34230
71767
15668
92189
38689
102669
51810
76327
72104
94112
33688
93324
63824
76123
87633
17319
76100
68227
54427
19401
93951
60396
33128
12968
70360
92345
64043
59377
19669
43569
34688
18348
67227
36594
15795
76833
19624
14885
58112
92313
100899
29335
79945
111576
14524
91417
61149
13599
181546
14266
92689
180725
178227
86466
12309
120079
92349
16377
11332
20241
13586
83322
19041
12916
179512
72927
69217
10091
19706
4222
21194
16126
92792
4746
11633
20224
15804
100311
12237
78158
12059
76360
74571
59230
44728
17659
36506
182282
105922
14910
37722
39751
180908
11808
16885
180162
56409
12166
17270
14783
59144
75220
62022
44118
15565
19345
10026
19903
48742
70172
76203
92680
19964
36528
123014
10403
10471
42799
179514
20372
30084
13561
31226
26466
179319
17407
178601
57855
20484
5767
19429
15857
96873
2229
8664
180046
44632
62901
36999
19941
12159
100603
31272
178938
20403
19869
180816
44545
17337
68319
182487
53164
36964
11535
76241
86657
18494
92721
172252
94100
59199
14514
5030
182234
96206
5692
178553
75552
14583
99004
13594
44994
131925
65982
17327
10801
18317
13826
12242
4217
20922
172020
53996
82358
17492
71748
178655
14951
23829
67652
173638
67921
179711
30720
10821
15707
15699
52339
34712
14918
19348
94286
34303
51480
179709
44188
33025
157582
16663
57651
19610
119603
179687
17108
57899
10318
66585
83623
75636
123089
1918
95549
66734
19640
47810
103695
2503
180716
66248
17218
50217
62474
126121
73786
26580
20490
30045
19917
91432
69017
23255
15989
17281
103208
17485
78608
103076
2995
54854
14936
20408
92516
46298
70168
20448
43058
97564
69259
3793
62549
2884
181737
15459
14221
20363
100913
1801
53960
35665
19815
178282
15267
14481
174627
92551
14934
27368
91081
72060
84314
23042
37012
78730
70273
19060
92695
85785
91408
33433
52259
181917
20778
75945
44499
74222
15190
94805
17658
167294
128124
178225
69154
59502
75892
33133
7049
70184
45662
5785
76102
35292
52681
76246
179681
12662
86323
182231
3441
181934
67819
178228
37208
74862
20417
41342
17103
12648
19920
15485
178843
69145
15262
52246
123083
31221
109356
5760
17338
15671
15821
45484
100827
92498
19428
52446
19800
76518
34629
5038
102996
182267
19462
79992
3726
95470
15221
36642
77941
86828
19996
93857
2823
178999
14799
26664
15029
21142
16806
75877
148948
4204
72135
37709
51659
102598
12726
46458
103886
17580
72068
59200
19832
44608
48448
72085
122993
20212
51670
70217
69141
15706
19881
179497
178172
179684
95835
49792
12763
119404
18538
17529
123121
9084
102636
179579
14656
20608
67190
33050
42178
58012
182006
180946
19735
76187
80261
43809
31253
66594
66956
5765
85334
75477
17050
67769
100962
87228
19437
179065
182420
37683
84133
37647
29324
59448
34613
37689
14929
179864
39782
38586
69757
12433
11902
37118
88468
2299
45044
74907
103581
25452
18776
44454
20718
86280
64027
31275
20269
76140
19792
11438
181087
19069
47196
147139
3875
16935
9626
7050
85822
14453
91523
41744
182612
11201
63606
74573
19581
15755
46004
19987
74897
102670
9992
42526
15126
70228
33246
15528
54143
78857
180659
182236
54488
181038
178842
16777
31098
91091
36916
44548
5025
17480
86489
54243
15090
88276
65972
15545
44555
92334
59153
58547
14218
33373
37796
55429
179185
19625
178974
84755
35833
179081
88029
63823
176492
61170
55415
87485
154633
34942
3335
96257
7051
66688
16835
16899
180227
67621
66640
85709
18956
17301
19506
14935
10941
56554
20462
17223
175868
17226
71333
149685
57478
75858
9266
21238
30802
92366
83202
48943
118891
181875
18488
17483
101232
90188
7979
33547
3345
12153
76211
17983
12020
71237
123108
182602
78867
27366
97999
19788
69160
9966
86181
13591
123088
17230
52696
180148
19702
177805
65559
12090
123387
74470
86438
181977
54028
75618
36974
46570
181446
70446
17219
91456
68960
46787
16834
17520
92707
119381
181463
3896
32222
86282
15245
19454
180979
8997
179877
162522
20430
76143
17263
36977
103059
178873
5758
3342
34626
61196
70408
179387
115489
16480
19546
122994
106421
179617
51781
87609
116485
4884
44200
56128
50732
52464
181562
179073
24594
85884
181953
30111
167414
61907
88280
68108
11604
91999
4675
52294
68817
9719
80239
55542
178280
151121
103225
38646
93502
73430
95472
42979
92838
104258
17239
20206
30117
44479
15769
80176
103714
70856
65455
30048
67793
37646
19500
74664
11816
96610
75870
100912
37035
107154
9579
26734
57851
181355
182522
70479
61214
52648
37739
91861
11746
42944
71469
16121
44631
16802
29879
19955
70186
180929
88392
182299
17202
179845
8057
75855
35789
75820
58056
14630
64887
12289
12354
15110
7250
85344
44645
93454
10211
17442
22847
76249
48481
21646
10192
10119
182647
88201
21927
100871
60066
20400
80300
20344
9712
40027
71425
79175
10874
74339
19890
20698
158587
100907
14662
80291
11146
16436
36699
65560
18469
100867
68940
104746
74496
114773
103241
77356
107811
37428
71513
15212
85416
80066
47972
92734
14962
91210
50152
14950
19979
20429
50726
3741
86606
93721
52880
17015
70400
43132
38174
26608
20572
16823
30646
94832
164077
178980
15472
14680
175198
18765
47933
31240
3183
69077
74671
84423
14580
51386
15886
29003
10401
18491
178222
180890
15631
178512
5777
83374
48485
123000
82558
9554
20895
18013
63667
78654
180123
8566
93007
20043
181497
17397
54138
87018
26702
65771
91489
156518
75867
83659
44571
16793
9667
59322
9632
63372
51455
153442
15779
101468
176238
179104
15746
20271
158558
75888
41584
48854
32840
52704
153052
113991
103625
33799
34056
